NBBase:
chess -
[362, 39, 69, 299, 401, 368]
[0.8595578673602081, 0.14044213263979194, 0.9027431421446384, 0.8125, 0.839907192575406, 0.8701923076923077, 0.8517647058823529, 0.8894348894348895]

led24 -
[425, 56, 62, 450, 481, 512]
[0.8811681772406847, 0.11883182275931521, 0.8835758835758836, 0.87890625, 0.8726899383983573, 0.8780991735537189, 0.8748456154796213, 0.8813770219825797]

mushroom -
[1069, 7, 73, 889, 1076, 962]
[0.9607458292443573, 0.03925417075564279, 0.9934944237918215, 0.9241164241164241, 0.936077057793345, 0.963931469792606, 0.9470233876683203, 0.9814542783694454]

nursery -
[1076, 0, 0, 1089, 1076, 1089]
[1.0, 0.0, 1.0, 1.0, 1.0, 1.0, 1.0, 1.0]


Adaboost:
chess -
[370, 31, 62, 306, 401, 368]
Adaboost: Calculating Accuracy Measures
[0.8790637191157347, 0.12093628088426528, 0.9226932668329177, 0.8315217391304348, 0.8564814814814815, 0.8883553421368547, 0.8689525598872709, 0.9086444007858546]


nursery -
[1076, 0, 0, 1089, 1076, 1089]
Adaboost: Calculating Accuracy Measures
[1.0, 0.0, 1.0, 1.0, 1.0, 1.0, 1.0, 1.0]

led24 -
[425, 56, 62, 450, 481, 512]
Adaboost: Calculating Accuracy Measures
[0.8811681772406847, 0.11883182275931521, 0.8835758835758836, 0.87890625, 0.8726899383983573, 0.8780991735537189, 0.8748456154796213, 0.8813770219825797]


mushroom -
[1054, 22, 13, 949, 1076, 962]
[0.9828263002944063, 0.01717369970559372, 0.9795539033457249, 0.9864864864864865, 0.9878163074039362, 0.9836677554829677, 0.9861526946107784, 0.9811953081362874]